
Data for 200 galaxies. Read from left to right, from top to bottom. Data was shared as follows: 1-50 Paula Pardo (201512189), 50-100 Manuel Sánchez (201513645), 100-150 Julián Rodríguez (201416065), 150-200 Alejandro Lozada (201425109). Values that weren't directly measured were calculated using the formulas explained in the main article.       

Compiled: 12/05/2018

\\-------------------------Signal to noise ratio---------------------------\\


        68.2       ,  77.4       ,  57.55386249,  65.6       ,
        46.1       ,  69.54759723,  68.73711393,  49.45569905,
        61.05813144,  55.22363366,  52.72887822,  58.95601055,
        46.5       ,  70.21214638,  47.16005589,  33.5       ,
        40.9       ,  58.6       ,  64.5       ,  64.3       ,
        74.4       ,  66.8       ,  95.4       ,  59.9       ,
        66.65835278,  52.5       ,  46.8       ,  76.89437411,
        50.5       ,  46.8       ,  48.1       ,  48.2       ,
        30.9       ,  79.31459945,  37.6       ,  71.21460649,
        55.31283489,  38.4       ,  52.79013552,  18.5       ,
        52.6       ,  51.8       ,  58.49583732,  47.3       ,
        49.73923876,  64.06007514,  47.5       ,  71.71302248,
        61.9       ,  43.2       ,  46.2       ,  74.24564309,
        62.5       ,  64.2655946 ,  63.6       ,  62.2       ,
        59.6       ,  53.1       ,  78.51179607,  62.93180597,
        61.9       ,  39.5       ,  52.46467196,  41.4       ,
        50.20362671,  65.29301581,  52.3       ,  69.80015808,
        53.91050256,  52.53159999,  51.86520296,  66.4       ,
        53.4       ,  54.54297147,  49.17803281,  50.5       ,
        54.22443906,  59.02404962,  50.9       ,  62.21771479,
        47.        ,  52.26176945,  58.89015867,  69.2       ,
        82.00870283,  60.1       ,  78.2       ,  60.0254885 ,
        63.52272486,  48.3       ,  63.93202098,  68.8       ,
        52.7       ,  39.3       ,  56.94196184,  77.25914641,
        42.2       ,  55.6       ,  87.12266297,  41.8       ,
        40.3       ,  67.80408148,  48.30257719,  54.07482738,
        53.6       ,  37.5       ,  50.18682902,  40.3       ,
        38.53495738,  45.06267445,  46.4       ,  39.34310377,
        58.7       ,  44.4       ,  57.36841657,  64.65038173,
        44.3       ,  32.1       ,  50.67499076,  56.35371454,
        38.9       ,  48.08396183,  70.66382496,  54.07271563,
        56.1       ,  63.45663278,  53.20772216,  37.4       ,
        63.11277808,  35.4       ,  42.        ,  48.4190928 ,
        37.84885595,  62.54294262,  46.        ,  48.2       ,
        53.4       ,  45.44786096,  67.42800175,  77.41879362,
        55.79888587,  63.13242157,  48.9       ,  44.1       ,
        50.        ,  50.3       ,  96.68499315,  43.2       ,
        50.9       ,  50.00118418,  37.        ,  73.3       ,
        49.6       ,  41.84815461,  36.5       ,  45.        ,
        70.8       ,  49.27405573,  42.2       ,  45.40571172,
        68.68581272,  41.1       ,  48.4285008 ,  40.8       ,
        45.6       ,  69.76594105,  44.2       ,  41.        ,
        59.37986453,  47.7       ,  52.5       ,  58.64449441,
        67.1       ,  54.5       ,  49.1       ,  60.13192844,
        69.5       ,  63.        ,  37.3       ,  59.34503044,
        40.        ,  37.5       ,  37.        ,  52.19543015,
        48.06960165,  50.1137559 ,  61.66199757,  67.55484562,
        53.8       ,  45.3       ,  75.8       ,  58.45543392,
        52.2       ,  44.4       ,  58.56460566,  50.6       ,
        46.50226405,  55.85301821,  54.1       ,  45.64827994,




  
\\-------------------------Relative Magnitude---------------------------\\

        14.1,  14.1,  13.1,  14.1,  14.7,  13.7,  14.1,  11.8,  13.4,
        13.4,  14.4,  14.2,  13.2,  13.7,  15.5,  15. ,  12.3,  11.6,
        13.8,  14.4,  11.3,  14.1,  13.6,  11.1,  13. ,  14.6,  14.5,
        14.2,  13.3,  11.4,  13.7,  13.8,  13.4,  11. ,  14.2,  12. ,
        14.7,  14.3,  14.1,  14.4,  14.1,  12.9,  14.2,  10.3,  14.7,
        14.3,  14.6,  14.8,  14.1,  14.6,  14.7,  13.7,  14.6,  13.1,
        12.3,  14.2,  14.5,  13.9,  14.1,  13.9,  14.7,  13. ,  15.3,
        14.1,  14. ,  14.4,  14.4,  14.5,  14.6,  14.8,  12.9,  14.8,
        12.5,  14.2,  14.7,  14.4,  13.6,  13.3,  14.7,  14. ,  14.6,
        14.4,  13.8,  13.6,  14. ,  13.8,  14. ,  14.9,  14.2,  13.9,
        14.1,  14.6,  13.6,  14.1,  14.4,  13.7,  14.3,  14.3,  14.5,
        14.4,  14.2,  14.8,  14.8,  14.8,  13.6,  14.2,  14.9,  13.5,
        14.4,  14.5,  14.7,  14. ,  14.7,  15. ,  14.1,  15.1,  14.4,
        15. ,  14.8,  14.9,  12.8,  16. ,  15. ,  15.1,  15.1,  15.3,
        15.1,  14.8,  15.3,  14.9,  15. ,  15.3,  14.4,  14.8,  14.9,
        14.9,  15. ,  15. ,  15.1,  15.3,  15.3,  14.6,  14.6,  15.4,
        13.7,  15.1,  14.6,  13.9,  13.3,  14.7,  14.8,  12.9,  14.2,
        15.3,  15.4,  14.9,  14.2,  11.7,  15.2,  15.3,  15. ,  14.9,
        14.5,  15.3,  15.2,  14.9,  15.3,  13.5,  15.1,  15. ,  15. ,
        15.3,  14.5,  14.5,  15.3,  14.7,  14. ,  13.6,  14.9,  14.8,
        15.3,  15.2,  14.7,  15.2,  15.1,  15.3,  14.8,  15.2,  15.1,
        15.2,  13.4,  15.2,  14.4,  15.2,  15.3,  14.7,  15.3,  15.3,
        14.9,  15.2





\\-------------------------Wavelength for line K---------------------------\\

        4031.67      ,  3941.67      ,  4040.0088279 ,  3981.67      ,
        3986.67      ,  3985.00734296,  4020.00743635,  3941.67581546,
        3946.6769821 ,  3948.33833606,  3985.00332691,  3986.67261942,
        3983.33      ,  3983.33709375,  4018.33067588,  3948.33      ,
        3945.        ,  3946.67      ,  3985.        ,  3968.33      ,
        3945.        ,  4043.33      ,  3961.67      ,  3943.33      ,
        3948.33870311,  4020.        ,  3940.        ,  3941.67379849,
        3945.        ,  3946.67      ,  3950.        ,  4051.67      ,
        3943.33      ,  3941.67216001,  4026.67      ,  3941.67177474,
        4025.00201085,  4030.        ,  3991.67571718,  3943.33      ,
        4040.        ,  3948.33      ,  4031.67266834,  3943.33      ,
        4030.00771512,  3995.00683156,  4031.67      ,  3945.00470234,
        4025.        ,  4021.67      ,  4026.67      ,  4038.33307396,
        4025.        ,  4041.67538637,  3965.        ,  4035.        ,
        4025.        ,  4023.33      ,  4016.67496985,  4033.3386052 ,
        4028.33      ,  4030.        ,  4005.0027653 ,  4023.33      ,
        4015.00494754,  4028.33607524,  4033.33      ,  4035.00825091,
        3993.33864348,  4026.67800719,  4026.67074684,  4011.67      ,
        4018.33      ,  4043.33491005,  4026.67333428,  4008.33      ,
        4038.3361716 ,  4003.33721411,  4005.        ,  4035.00745394,
        4015.        ,  4010.00842405,  4025.00734142,  4010.        ,
        4023.33258559,  3966.67      ,  4026.67      ,  4020.00066835,
        4011.67127173,  4006.67      ,  4023.33265471,  4025.        ,
        4016.67      ,  4030.        ,  4021.67302439,  4006.67179618,
        4010.        ,  4006.67      ,  4006.67677461,  4020.        ,
        3961.67      ,  4001.6739632 ,  4000.00756801,  4028.33690181,
        3966.67      ,  3963.33      ,  4068.33001262,  3995.        ,
        4020.00676319,  4026.67699175,  3996.67      ,  4030.00418551,
        4078.33      ,  4043.33      ,  3996.67859099,  4075.00293609,
        4070.        ,  4090.        ,  3995.0068014 ,  4025.00540386,
        3965.        ,  4080.00762943,  4038.33268948,  4075.00846536,
        4040.        ,  4041.67267121,  4038.33239945,  3993.33      ,
        3993.33323634,  4040.        ,  4068.33      ,  3990.00415228,
        4003.33034457,  4055.00329265,  4076.67      ,  3988.33      ,
        4076.67      ,  4053.33647373,  4068.33452731,  4051.67766858,
        4051.67618995,  3985.00462284,  3986.67      ,  3983.33      ,
        3990.        ,  3986.67      ,  3980.00343033,  3990.        ,
        3990.        ,  3988.33350001,  3991.67      ,  3978.33      ,
        3985.        ,  3991.67497662,  4050.        ,  3990.        ,
        3980.        ,  4055.00611944,  4058.33      ,  4048.33054839,
        4050.00105858,  4068.33      ,  3981.6786587 ,  4070.        ,
        4020.        ,  4053.33526589,  4060.        ,  3981.67      ,
        3981.67033349,  4048.33      ,  4055.        ,  4051.67707969,
        4023.33      ,  4023.33      ,  3970.        ,  4025.00561023,
        3956.67      ,  3956.67      ,  4020.        ,  4065.00879432,
        4055.        ,  4065.        ,  4053.33      ,  4056.67740107,
        4056.67419703,  4056.67747973,  4023.33788358,  4066.67646095,
        4070.        ,  4061.67      ,  3960.        ,  4060.00649422,
        3955.        ,  4056.67      ,  3955.00060672,  3958.33      ,
        4056.67569973,  4061.67841579,  4060.        ,  4058.33022431





\\-------------------------Wavelength for line H---------------------------\\

        4066.67      ,  3976.67      ,  4078.3303017 ,  4016.67      ,
        4021.67      ,  4018.33821547,  4056.6762285 ,  3976.67026673,
        3983.33117567,  3981.67272303,  4020.00635269,  4020.00109462,
        4020.        ,  4020.00782583,  4056.67032277,  3985.        ,
        3978.33      ,  3981.67      ,  4020.        ,  4000.        ,
        3980.        ,  4080.        ,  3996.67      ,  3978.33      ,
        3981.67377487,  4056.67      ,  3976.67      ,  3976.67144187,
        3978.33      ,  3981.67      ,  3985.        ,  4088.33      ,
        3978.33      ,  3978.33560952,  4063.33      ,  3976.67652222,
        4061.67337223,  4066.67      ,  4028.33109691,  3976.67      ,
        4075.        ,  3983.33      ,  4066.67743231,  3978.33      ,
        4066.6716519 ,  4030.00614819,  4066.67      ,  3981.67424024,
        4060.        ,  4056.67      ,  4063.33      ,  4073.33304546,
        4060.        ,  4078.33066357,  4000.        ,  4071.67      ,
        4060.        ,  4060.        ,  4053.33113837,  4068.33721305,
        4063.33      ,  4065.        ,  4040.00829293,  4058.33      ,
        4050.00039829,  4063.33334457,  4068.33      ,  4073.33137028,
        4030.00651934,  4061.67768592,  4061.67302317,  4046.67      ,
        4055.        ,  4080.00767573,  4063.33654807,  4045.        ,
        4073.33300675,  4038.33333307,  4040.        ,  4070.00234726,
        4050.        ,  4045.00564184,  4063.33039258,  4046.67      ,
        4060.00298142,  4001.67      ,  4063.33      ,  4055.00892282,
        4046.67082032,  4041.67      ,  4060.00253687,  4060.        ,
        4051.67      ,  4068.33      ,  4056.67307615,  4041.67434095,
        4045.        ,  4041.67      ,  4041.67375913,  4056.67      ,
        3995.        ,  4035.00259688,  4036.67264914,  4065.00128588,
        4001.67      ,  4000.        ,  4105.00095376,  4031.67      ,
        4056.67403059,  4063.33878624,  4030.        ,  4065.00433775,
        4115.        ,  4080.        ,  4031.67180428,  4113.33080809,
        4106.67      ,  4125.        ,  4030.00029028,  4061.67656403,
        4000.        ,  4116.67085845,  4075.00668934,  4110.0051759 ,
        4075.        ,  4076.67463704,  4073.33360014,  4030.        ,
        4028.33424018,  4078.33      ,  4106.67      ,  4026.6778642 ,
        4040.00194314,  4091.67092175,  4113.33      ,  4025.        ,
        4113.33      ,  4090.00618461,  4103.33602605,  4086.67824368,
        4088.33223617,  4020.00368873,  4021.67      ,  4020.        ,
        4025.        ,  4023.33      ,  4015.00545455,  4025.        ,
        4025.        ,  4025.00802798,  4028.33      ,  4015.        ,
        4020.        ,  4028.33698327,  4088.33      ,  4025.        ,
        4015.        ,  4091.67371427,  4095.        ,  4083.33475651,
        4085.00807599,  4105.        ,  4016.67072295,  4106.67      ,
        4056.67      ,  4058.33826359,  4095.        ,  4018.33      ,
        4016.67560563,  4085.        ,  4088.33      ,  4088.33246529,
        4058.33      ,  4060.        ,  4005.        ,  4060.0064736 ,
        3991.67      ,  3991.67      ,  4055.        ,  4100.00751377,
        4090.        ,  4100.        ,  4090.        ,  4093.33511354,
        4093.33002215,  4091.6747433 ,  4058.33310854,  4105.002869  ,
        4106.67      ,  4098.33      ,  3995.        ,  4096.67351858,
        3990.        ,  4091.67      ,  3990.00739537,  3995.        ,
        4091.67558336,  4098.33448504,  4098.33      ,  4095.00124206 






\\-------------------------Absolute redshift for line K---------------------------\\

         98.        ,    8.        ,  106.3388279 ,   48.        ,
         53.        ,   51.33734296,   86.33743635,    8.00581546,
         13.0069821 ,   14.66833606,   51.33332691,   53.00261942,
         49.66      ,   49.66709375,   84.66067588,   14.66      ,
         11.33      ,   13.        ,   51.33      ,   34.66      ,
          9.66      ,  109.66437249,   29.66269252,    8.00426552,
         14.66870311,   86.33      ,    6.33      ,    8.00379849,
         11.33      ,   13.        ,   16.33      ,  118.        ,
          9.66      ,    8.00216001,   93.        ,    8.00177474,
         91.33201085,   96.33      ,   58.00571718,    9.66      ,
        106.33      ,   14.66      ,   98.00266834,    9.66      ,
         96.33771512,   61.33683156,   98.        ,   11.33470234,
         91.33      ,   88.        ,   93.        ,  104.66307396,
         91.33      ,  108.00538637,   31.33      ,  101.33      ,
         91.33      ,   89.66      ,   83.00496985,   99.6686052 ,
         94.66      ,   96.33      ,   71.3327653 ,   89.66      ,
         81.33494754,   94.66607524,   99.66      ,  101.33825091,
         59.66864348,   93.00800719,   93.00074684,   78.        ,
         84.66      ,  109.66491005,   93.00333428,   74.66      ,
        104.6661716 ,   69.66721411,   71.33      ,  101.33745394,
         81.33      ,   76.33842405,   91.33734142,   76.33      ,
         89.66258559,   33.        ,   93.        ,   86.33066835,
         78.00127173,   73.        ,   89.66265471,   91.33      ,
         83.        ,   96.33      ,   88.00302439,   73.00179618,
         76.33      ,   73.        ,   73.00677461,   86.33      ,
         28.        ,   68.0039632 ,   66.33756801,   94.66690181,
         33.        ,   29.66      ,  134.66001262,   61.33      ,
         86.33676319,   93.00699175,   63.        ,   96.33418551,
        144.66      ,  109.66      ,   63.00859099,  141.33293609,
        136.33      ,  156.33      ,   61.3368014 ,   91.33540386,
         31.33      ,  146.33762943,  104.66268948,  141.33846536,
        106.33      ,  108.00267121,  104.66239945,   59.66      ,
         59.66323634,  106.33      ,  134.66      ,   56.33415228,
         69.66034457,  121.33329265,  143.        ,   54.66      ,
        143.        ,  119.66647373,  134.66452731,  118.00766858,
        118.00618995,   51.33462284,   53.        ,   49.66      ,
         56.33      ,   53.        ,   46.33343033,   56.33      ,
         56.33      ,   54.66350001,   58.        ,   44.66      ,
         51.33      ,   58.00497662,  116.33      ,   56.33      ,
         46.33      ,  121.33611944,  124.66      ,  114.66054839,
        116.33105858,  134.66      ,   48.0086587 ,  136.33      ,
         86.33      ,  119.66526589,  126.33      ,   48.        ,
         48.00033349,  114.66      ,  121.33      ,  118.00707969,
         89.66      ,   89.66      ,   36.33      ,   91.33561023,
         23.        ,   23.        ,   86.33      ,  131.33879432,
        121.33      ,  131.33      ,  119.66      ,  123.00740107,
        123.00419703,  123.00747973,   89.66788358,  133.00646095,
        136.33      ,  128.        ,   26.33      ,  126.33649422,
         21.33      ,  123.        ,   21.33060672,   24.66      ,
        123.00569973,  128.00841579,  126.33      ,  124.66022431






\\-------------------------Absolute redshift for line H---------------------------\\

         97.82      ,    7.82      ,  109.4803017 ,   47.82      ,
         52.82      ,   49.48821547,   87.8262285 ,    7.82026673,
         14.48117567,   12.82272303,   51.15635269,   51.15109462,
         51.15      ,   51.15782583,   87.82032277,   16.15      ,
          9.48      ,   12.82      ,   51.15      ,   31.15      ,
         11.15      ,  111.15577327,   27.82086953,    7.82566051,
         12.82377487,   87.82      ,    7.82      ,    7.82144187,
          9.48      ,   12.82      ,   16.15      ,  119.48      ,
          9.48      ,    9.48560952,   94.48      ,    7.82652222,
         92.82337223,   97.82      ,   59.48109691,    7.82      ,
        106.15      ,   14.48      ,   97.82743231,    9.48      ,
         97.8216519 ,   61.15614819,   97.82      ,   12.82424024,
         91.15      ,   87.82      ,   94.48      ,  104.48304546,
         91.15      ,  109.48066357,   31.15      ,  102.82      ,
         91.15      ,   91.15      ,   84.48113837,   99.48721305,
         94.48      ,   96.15      ,   71.15829293,   89.48      ,
         81.15039829,   94.48334457,   99.48      ,  104.48137028,
         61.15651934,   92.82768592,   92.82302317,   77.82      ,
         86.15      ,  111.15767573,   94.48654807,   76.15      ,
        104.48300675,   69.48333307,   71.15      ,  101.15234726,
         81.15      ,   76.15564184,   94.48039258,   77.82      ,
         91.15298142,   32.82      ,   94.48      ,   86.15892282,
         77.82082032,   72.82      ,   91.15253687,   91.15      ,
         82.82      ,   99.48      ,   87.82307615,   72.82434095,
         76.15      ,   72.82      ,   72.82375913,   87.82      ,
         26.15      ,   66.15259688,   67.82264914,   96.15128588,
         32.82      ,   31.15      ,  136.15095376,   62.82      ,
         87.82403059,   94.48878624,   61.15      ,   96.15433775,
        146.15      ,  111.15      ,   62.82180428,  144.48080809,
        137.82      ,  156.15      ,   61.15029028,   92.82656403,
         31.15      ,  147.82085845,  106.15668934,  141.1551759 ,
        106.15      ,  107.82463704,  104.48360014,   61.15      ,
         59.48424018,  109.48      ,  137.82      ,   57.8278642 ,
         71.15194314,  122.82092175,  144.48      ,   56.15      ,
        144.48      ,  121.15618461,  134.48602605,  117.82824368,
        119.48223617,   51.15368873,   52.82      ,   51.15      ,
         56.15      ,   54.48      ,   46.15545455,   56.15      ,
         56.15      ,   56.15802798,   59.48      ,   46.15      ,
         51.15      ,   59.48698327,  119.48      ,   56.15      ,
         46.15      ,  122.82371427,  126.15      ,  114.48475651,
        116.15807599,  136.15      ,   47.82072295,  137.82      ,
         87.82      ,   89.48826359,  126.15      ,   49.48      ,
         47.82560563,  116.15      ,  119.48      ,  119.48246529,
         89.48      ,   91.15      ,   36.15      ,   91.1564736 ,
         22.82      ,   22.82      ,   86.15      ,  131.15751377,
        121.15      ,  131.15      ,  121.15      ,  124.48511354,
        124.48002215,  122.8247433 ,   89.48310854,  136.152869  ,
        137.82      ,  129.48      ,   26.15      ,  127.82351858,
         21.15      ,  122.82      ,   21.15739537,   26.15      ,
        122.82558336,  129.48448504,  129.48      ,  126.15124206





\\-------------------------Fractionary redshift for line K---------------------------\\


        0.02491312,  0.00203372,  0.02703298,  0.01220235,  0.01347342,
        0.01305075,  0.02194832,  0.0020352 ,  0.00330658,  0.00372892,
        0.01304973,  0.01347409,  0.01262434,  0.01262615,  0.02152206,
        0.0037268 ,  0.00288026,  0.0033048 ,  0.01304888,  0.00881111,
        0.00245572,  0.02787839,  0.00754072,  0.00203481,  0.00372901,
        0.02194643,  0.00160918,  0.00203469,  0.00288026,  0.0033048 ,
        0.00415134,  0.02999743,  0.00245572,  0.00203427,  0.02364204,
        0.00203418,  0.02321802,  0.02448858,  0.01474595,  0.00245572,
        0.02703074,  0.0037268 ,  0.0249138 ,  0.00245572,  0.02449054,
        0.01559278,  0.02491312,  0.00288146,  0.0232175 ,  0.02237097,
        0.02364204,  0.02660698,  0.0232175 ,  0.02745665,  0.00796457,
        0.02575966,  0.0232175 ,  0.02279296,  0.02110115,  0.02533731,
        0.02406404,  0.02448858,  0.0181339 ,  0.02279296,  0.02067661,
        0.02406559,  0.02533512,  0.02576176,  0.0151687 ,  0.02364408,
        0.02364223,  0.01982881,  0.02152189,  0.02787852,  0.02364289,
        0.01897973,  0.02660777,  0.01771049,  0.01813319,  0.02576155,
        0.02067535,  0.01940641,  0.02321937,  0.01940427,  0.02279362,
        0.00838911,  0.02364204,  0.0219466 ,  0.01982913,  0.01855773,
        0.02279364,  0.0232175 ,  0.02109989,  0.02448858,  0.02237174,
        0.01855819,  0.01940427,  0.01855773,  0.01855946,  0.02194643,
        0.00711803,  0.01728766,  0.01686404,  0.0240658 ,  0.00838911,
        0.00754003,  0.03423267,  0.01559104,  0.02194815,  0.02364382,
        0.01601558,  0.02448965,  0.03677482,  0.02787727,  0.01601776,
        0.03592903,  0.0346572 ,  0.03974151,  0.01559277,  0.02321888,
        0.00796457,  0.0372013 ,  0.02660688,  0.03593043,  0.02703074,
        0.02745596,  0.02660681,  0.0151665 ,  0.01516732,  0.02703074,
        0.03423266,  0.01432102,  0.01770874,  0.03084481,  0.03635282,
        0.01389542,  0.03635282,  0.03042108,  0.03423381,  0.02999938,
        0.02999901,  0.01305006,  0.01347342,  0.01262434,  0.01431996,
        0.01347342,  0.01177868,  0.01431996,  0.01431996,  0.01389631,
        0.0147445 ,  0.01135327,  0.01304888,  0.01474577,  0.02957289,
        0.01431996,  0.01177781,  0.03084553,  0.03169051,  0.02914849,
        0.02957316,  0.03423266,  0.01220455,  0.0346572 ,  0.02194643,
        0.03042077,  0.03211505,  0.01220235,  0.01220243,  0.02914835,
        0.03084397,  0.02999923,  0.02279296,  0.02279296,  0.00923565,
        0.02321893,  0.00584696,  0.00584696,  0.02194643,  0.03338836,
        0.03084397,  0.03338613,  0.03041943,  0.03127039,  0.03126958,
        0.03127041,  0.02279497,  0.03381231,  0.0346572 ,  0.03253959,
        0.00669349,  0.0321167 ,  0.00542242,  0.03126851,  0.00542257,
        0.00626895,  0.03126996,  0.03254173,  0.03211505,  0.03169056





\\-------------------------Fractionary redshift for line H---------------------------\\


        0.02464694,  0.00197034,  0.02758489,  0.01204883,  0.01330864,
        0.01246916,  0.02212889,  0.00197041,  0.00364871,  0.00323084,
        0.01288946,  0.01288814,  0.01288786,  0.01288984,  0.0221274 ,
        0.00406919,  0.0023886 ,  0.00323015,  0.01288786,  0.00784862,
        0.00280938,  0.02800705,  0.00700981,  0.00197177,  0.00323111,
        0.02212732,  0.00197034,  0.00197071,  0.0023886 ,  0.00323015,
        0.00406919,  0.03010444,  0.0023886 ,  0.00239001,  0.02380538,
        0.00197199,  0.02338798,  0.02464694,  0.01498699,  0.00197034,
        0.02674578,  0.00364841,  0.02464881,  0.0023886 ,  0.02464735,
        0.01540903,  0.02464694,  0.00323122,  0.02296635,  0.02212732,
        0.02380538,  0.02632577,  0.02296635,  0.02758498,  0.00784862,
        0.02590675,  0.02296635,  0.02296635,  0.02128605,  0.02506701,
        0.02380538,  0.02422616,  0.0179292 ,  0.02254557,  0.02044683,
        0.02380623,  0.0250652 ,  0.02632535,  0.01540913,  0.02338906,
        0.02338789,  0.01960769,  0.02170654,  0.02800753,  0.02380703,
        0.01918692,  0.02632576,  0.01750717,  0.01792711,  0.02548656,
        0.02044673,  0.01918834,  0.02380548,  0.01960769,  0.0229671 ,
        0.0082694 ,  0.02380538,  0.02170879,  0.0196079 ,  0.01834788,
        0.02296699,  0.02296635,  0.02086751,  0.0250652 ,  0.02212809,
        0.01834898,  0.01918692,  0.01834788,  0.01834883,  0.02212732,
        0.00658881,  0.01666795,  0.01708874,  0.02422649,  0.0082694 ,
        0.00784862,  0.03430489,  0.01582826,  0.02212833,  0.0238076 ,
        0.01540749,  0.02422725,  0.03682427,  0.02800559,  0.01582872,
        0.0364037 ,  0.03472542,  0.03934389,  0.01540756,  0.02338878,
        0.00784862,  0.03724526,  0.02674747,  0.03556576,  0.02674578,
        0.02716773,  0.02632591,  0.01540749,  0.01498778,  0.02758482,
        0.03472542,  0.01457043,  0.0179276 ,  0.03094622,  0.03640349,
        0.01414768,  0.03640349,  0.03052677,  0.03388539,  0.02968826,
        0.030105  ,  0.01288879,  0.01330864,  0.01288786,  0.01414768,
        0.0137269 ,  0.01162943,  0.01414768,  0.01414768,  0.0141497 ,
        0.01498671,  0.01162805,  0.01288786,  0.01498847,  0.03010444,
        0.01414768,  0.01162805,  0.03094693,  0.03178503,  0.02884583,
        0.02926744,  0.03430465,  0.01204901,  0.03472542,  0.02212732,
        0.02254766,  0.03178503,  0.01246709,  0.01205024,  0.0292654 ,
        0.03010444,  0.03010506,  0.02254557,  0.02296635,  0.00910843,
        0.02296798,  0.00574978,  0.00574978,  0.02170654,  0.03304673,
        0.03052522,  0.03304484,  0.03052522,  0.03136554,  0.03136425,
        0.03094719,  0.02254636,  0.03430537,  0.03472542,  0.03262406,
        0.00658881,  0.03220669,  0.005329  ,  0.03094599,  0.00533086,
        0.00658881,  0.0309474 ,  0.03262519,  0.03262406,  0.03178534





\\-------------------------Fractionary redshift mean value---------------------------\\

        0.02478003,  0.00200203,  0.02730894,  0.01212559,  0.01339103,
        0.01275995,  0.0220386 ,  0.00200281,  0.00347764,  0.00347988,
        0.0129696 ,  0.01318111,  0.0127561 ,  0.01275799,  0.02182473,
        0.00389799,  0.00263443,  0.00326748,  0.01296837,  0.00832987,
        0.00263255,  0.02794272,  0.00727526,  0.00200329,  0.00348006,
        0.02203687,  0.00178976,  0.0020027 ,  0.00263443,  0.00326748,
        0.00411026,  0.03005094,  0.00242216,  0.00221214,  0.02372371,
        0.00200308,  0.023303  ,  0.02456776,  0.01486647,  0.00221303,
        0.02688826,  0.00368761,  0.02478131,  0.00242216,  0.02456895,
        0.0155009 ,  0.02478003,  0.00305634,  0.02309193,  0.02224914,
        0.02372371,  0.02646638,  0.02309193,  0.02752082,  0.0079066 ,
        0.0258332 ,  0.02309193,  0.02287966,  0.0211936 ,  0.02520216,
        0.02393471,  0.02435737,  0.01803155,  0.02266927,  0.02056172,
        0.02393591,  0.02520016,  0.02604355,  0.01528891,  0.02351657,
        0.02351506,  0.01971825,  0.02161421,  0.02794303,  0.02372496,
        0.01908332,  0.02646676,  0.01760883,  0.01803015,  0.02562406,
        0.02056104,  0.01929738,  0.02351243,  0.01950598,  0.02288036,
        0.00832926,  0.02372371,  0.02182769,  0.01971852,  0.01845281,
        0.02288031,  0.02309193,  0.0209837 ,  0.02477689,  0.02224991,
        0.01845358,  0.01929559,  0.01845281,  0.01845414,  0.02203687,
        0.00685342,  0.01697781,  0.01697639,  0.02414614,  0.00832926,
        0.00769433,  0.03426878,  0.01570965,  0.02203824,  0.02372571,
        0.01571153,  0.02435845,  0.03679954,  0.02794143,  0.01592324,
        0.03616636,  0.03469131,  0.0395427 ,  0.01550016,  0.02330383,
        0.0079066 ,  0.03722328,  0.02667717,  0.0357481 ,  0.02688826,
        0.02731184,  0.02646636,  0.01528699,  0.01507755,  0.02730778,
        0.03447904,  0.01444572,  0.01781817,  0.03089552,  0.03637816,
        0.01402155,  0.03637816,  0.03047392,  0.0340596 ,  0.02984382,
        0.030052  ,  0.01296943,  0.01339103,  0.0127561 ,  0.01423382,
        0.01360016,  0.01170405,  0.01423382,  0.01423382,  0.014023  ,
        0.0148656 ,  0.01149066,  0.01296837,  0.01486712,  0.02983867,
        0.01423382,  0.01170293,  0.03089623,  0.03173777,  0.02899716,
        0.0294203 ,  0.03426866,  0.01212678,  0.03469131,  0.02203687,
        0.02648421,  0.03195004,  0.01233472,  0.01212634,  0.02920688,
        0.0304742 ,  0.03005215,  0.02266927,  0.02287966,  0.00917204,
        0.02309346,  0.00579837,  0.00579837,  0.02182648,  0.03321755,
        0.03068459,  0.03321548,  0.03047232,  0.03131796,  0.03131692,
        0.0311088 ,  0.02267066,  0.03405884,  0.03469131,  0.03258182,
        0.00664115,  0.03216169,  0.00537571,  0.03110725,  0.00537672,
        0.00642888,  0.03110868,  0.03258346,  0.03236955,  0.03173795




\\-----------------------Rotational speed using line K's redshift-------------------------\\


         7473.93655289,    610.11726962,   8109.8944163 ,   3660.70361774,
         4042.02691126,   3915.2249392 ,   6584.49511648,    610.56078377,
          991.97305043,   1118.67564344,   3914.91865717,   4042.22668079,
         3787.30295119,   3787.84395368,   6456.61755156,   1118.03989659,
          864.0785831 ,    991.44056314,   3914.66493122,   2643.33307064,
          736.71660307,   8363.51593962,   2262.21512129,    610.44257801,
         1118.70363626,   6583.92798582,    482.75528959,    610.40695995,
          864.0785831 ,    991.44056314,   1245.40187662,   8999.22972695,
          736.71660307,    610.2820023 ,   7092.61325937,    610.25261977,
         6965.40463605,   7346.57457285,   4423.78622389,    736.71660307,
         8109.22115988,   1118.03989659,   7474.14005308,    736.71660307,
         7347.16296423,   4677.83252489,   7473.93655289,    864.43720582,
         6965.25127934,   6711.28996586,   7092.61325937,   7982.09361433,
         6965.25127934,   8236.99392974,   2389.37175716,   7727.89786637,
         6965.25127934,   6837.88929931,   6330.34569621,   7601.19215931,
         7219.21259282,   7346.57457285,   5440.16900032,   6837.88929931,
         6202.98201479,   7219.67591878,   7600.53588634,   7728.5271195 ,
         4550.60872994,   7093.22392499,   7092.67021657,   5948.64337883,
         6456.56600579,   8363.55693672,   7092.86754696,   5693.91941876,
         7982.3298546 ,   5313.14630724,   5439.95810528,   7728.46633874,
         6202.60469231,   5821.9238559 ,   6965.81116987,   5821.2813988 ,
         6838.08648871,   2516.7337372 ,   7092.61325937,   6583.97895767,
         5948.74036661,   5567.32008531,   6838.09175985,   6965.25127934,
         6329.96667234,   7346.57457285,   6711.52062008,   5567.45707008,
         5821.2813988 ,   5567.32008531,   5567.83674845,   6583.92798582,
         2135.41044368,   5186.29904427,   5059.21198343,   7219.73895691,
         2516.7337372 ,   2262.00977713,  10269.79990374,   4677.31151825,
         6584.44377825,   7093.1464828 ,   4804.67349829,   7346.8937792 ,
        11032.44552797,   8363.18247336,   4805.3286875 ,  10778.70813439,
        10397.16092097,  11922.45409503,   4677.83022503,   6965.66340269,
         2389.37175716,  11160.38936397,   7982.06429177,  10779.12982244,
         8109.22115988,   8236.7868592 ,   7982.04217299,   4549.94953822,
         4550.19635633,   8109.22115988,  10269.79894094,   4296.30489692,
         5312.62240367,   9253.44215312,  10905.84619452,   4168.6262447 ,
        10905.84619452,   9126.3227775 ,  10270.14421481,   8999.81456845,
         8999.70180101,   3915.01749087,   4042.02691126,   3787.30295119,
         4295.98822474,   4042.02691126,   3533.60325076,   4295.98822474,
         4295.98822474,   4168.89317195,   4423.35020477,   3405.97965767,
         3914.66493122,   4423.7297447 ,   8871.86774691,   4295.98822474,
         3533.34163771,   9253.65773765,   9507.15235391,   8744.54758962,
         8871.94847896,  10269.79894094,   3661.36397067,  10397.16092097,
         6583.92798582,   9126.23066156,   9634.51433394,   3660.70361774,
         3660.72905156,   8744.50576688,   9253.19104043,   8999.76965681,
         6837.88929931,   6837.88929931,   2770.69505068,   6965.67914152,
         1754.08715017,   1754.08715017,   6583.92798582,  10016.50832345,
         9253.19104043,  10015.83762746,   9125.82906039,   9381.11746024,
         9380.87310533,   9381.12345939,   6838.49053785,  10143.69234932,
        10397.16092097,   9761.87631398,   2008.04846365,   9635.00961368,
         1626.72517013,   9380.55302046,   1626.77144164,   1880.68648361,
         9380.98770809,   9762.51814165,   9634.51433394,   9507.16946118


\\-----------------------Rotational speed using line H's redshift-------------------------\\


         7394.08140897,    591.1032163 ,   8275.46783339,   3614.64907971,
         3992.59231263,   3740.74722929,   6638.66574687,    591.12337822,
         1094.61246991,    969.25227947,   3866.83946382,   3866.44201345,
         3866.35927284,   3866.95081658,   6638.2193409 ,   1220.75664235,
          716.58036963,    969.04644922,   3866.35927284,   2354.58634113,
          842.81340943,   8402.11446196,   2102.94187497,    591.53108693,
          969.33178689,   6638.19494312,    591.1032163 ,    591.21220522,
          716.58036963,    969.04644922,   1220.75664235,   9031.33149401,
          716.58036963,    717.00438579,   7141.61532938,    591.59622177,
         7016.39307838,   7394.08140897,   4496.0956132 ,    591.1032163 ,
         8023.73483503,   1094.52360255,   7394.64320702,    716.58036963,
         7394.20627396,   4622.71047235,   7394.08140897,    969.36696343,
         6889.90513625,   6638.19494312,   7141.61532938,   7897.73199714,
         6889.90513625,   8275.49518614,   2354.58634113,   7772.0246419 ,
         6889.90513625,   6889.90513625,   6385.81491132,   7520.10378702,
         7141.61532938,   7267.84836917,   5378.75905574,   6763.67209645,
         6134.04877655,   7141.86814063,   7519.5585623 ,   7897.60537254,
         4622.73852688,   7016.71914423,   7016.36669323,   5882.30847727,
         6511.96190332,   8402.25826607,   7142.11028881,   5756.07543747,
         7897.72907132,   5252.15110695,   5378.13220454,   7645.96902852,
         6134.0186704 ,   5756.50189619,   7141.64500391,   5882.30847727,
         6890.13049771,   2480.81938093,   7141.61532938,   6512.63636744,
         5882.37048424,   5504.36524434,   6890.09689476,   6889.90513625,
         6260.25171019,   7519.5585623 ,   6638.4274648 ,   5504.69337078,
         5756.07543747,   5504.36524434,   5504.64939186,   6638.19494312,
         1976.64310821,   5000.38526612,   5126.62225662,   7267.94556676,
         2480.81938093,   2354.58634113,  10291.46632568,   4748.47877849,
         6638.49960992,   7142.27946913,   4622.24573869,   7268.17625356,
        11047.28069844,   8401.67806795,   4748.61516132,  10921.10874142,
        10417.62727238,  11803.16716429,   4622.26768083,   7016.6343424 ,
         2354.58634113,  11173.57862761,   8024.24047285,  10669.72870459,
         8023.73483503,   8150.31838253,   7897.77392457,   4622.24573869,
         4496.33320858,   8275.44502816,  10417.62727238,   4371.12998955,
         5378.27908379,   9283.86724751,  10921.04765864,   4244.30250576,
        10921.04765864,   9158.03201988,  10165.61669397,   8906.47746939,
         9031.50052326,   3866.63809871,   3992.59231263,   3866.35927284,
         4244.30250576,   4118.06946597,   3488.82834199,   4244.30250576,
         4244.30250576,   4244.90933004,   4496.01269889,   3488.41603991,
         3866.35927284,   4496.54055497,   9031.33149401,   4244.30250576,
         3488.41603991,   9284.07833037,   9535.50776673,   8653.74779895,
         8780.23175375,  10291.39423259,   3614.70372668,  10417.62727238,
         6638.19494312,   6764.2967299 ,   9535.50776673,   3740.12623304,
         3615.07280171,   8779.62130088,   9031.33149401,   9031.51784177,
         6763.67209645,   6889.90513625,   2732.52957406,   6890.39446715,
         1724.93291508,   1724.93291508,   6511.96190332,   9914.01895512,
         9157.56453381,   9913.45099966,   9157.56453381,   9409.6612526 ,
         9409.27640125,   9284.15611359,   6763.90706687,  10291.61109604,
        10417.62727238,   9787.21795986,   1976.64310821,   9662.00677137,
         1598.69987528,   9283.7975736 ,   1599.25888154,   1976.64310821,
         9284.21961225,   9787.55697817,   9787.21795986,   9535.60165264



\\-------------------------Rotational speed mean value---------------------------\\


         7434.00898093,    600.61024296,   8192.68112485,   3637.67634872,
         4017.30961195,   3827.98608425,   6611.58043168,    600.84208099,
         1043.29276017,   1043.96396146,   3890.87906049,   3954.33434712,
         3826.83111201,   3827.39738513,   6547.41844623,   1169.39826947,
          790.32947637,    980.24350618,   3890.51210203,   2498.95970589,
          789.76500625,   8382.81520079,   2182.57849813,    600.98683247,
         1044.01771157,   6611.06146447,    536.92925294,    600.80958258,
          790.32947637,    980.24350618,   1233.07925949,   9015.28061048,
          726.64848635,    663.64319405,   7117.11429438,    600.92442077,
         6990.89885721,   7370.32799091,   4459.94091854,    663.90990968,
         8066.47799746,   1106.28174957,   7434.39163005,    726.64848635,
         7370.6846191 ,   4650.27149862,   7434.00898093,    916.90208462,
         6927.57820779,   6674.74245449,   7117.11429438,   7939.91280574,
         6927.57820779,   8256.24455794,   2371.97904915,   7749.96125413,
         6927.57820779,   6863.89721778,   6358.08030376,   7560.64797317,
         7180.4139611 ,   7307.21147101,   5409.46402803,   6800.78069788,
         6168.51539567,   7180.77202971,   7560.04722432,   7813.06624602,
         4586.67362841,   7054.97153461,   7054.5184549 ,   5915.47592805,
         6484.26395456,   8382.90760139,   7117.48891789,   5724.99742812,
         7940.02946296,   5282.64870709,   5409.04515491,   7687.21768363,
         6168.31168135,   5789.21287605,   7053.72808689,   5851.79493803,
         6864.10849321,   2498.77655906,   7117.11429438,   6548.30766255,
         5915.55542542,   5535.84266483,   6864.09432731,   6927.57820779,
         6295.10919127,   7433.06656758,   6674.97404244,   5536.07522043,
         5788.67841813,   5535.84266483,   5536.24307015,   6611.06146447,
         2056.02677594,   5093.34215519,   5092.91712002,   7243.84226184,
         2498.77655906,   2308.29805913,  10280.63311471,   4712.89514837,
         6611.47169409,   7117.71297596,   4713.45961849,   7307.53501638,
        11039.8631132 ,   8382.43027066,   4776.97192441,  10849.9084379 ,
        10407.39409668,  11862.81062966,   4650.04895293,   6991.14887255,
         2371.97904915,  11166.98399579,   8003.15238231,  10724.42926351,
         8066.47799746,   8193.55262087,   7939.90804878,   4586.09763845,
         4523.26478245,   8192.33309402,  10343.71310666,   4333.71744323,
         5345.45074373,   9268.65470031,  10913.44692658,   4206.46437523,
        10913.44692658,   9142.17739869,  10217.88045439,   8953.14601892,
         9015.60116214,   3890.82779479,   4017.30961195,   3826.83111201,
         4270.14536525,   4080.04818861,   3511.21579637,   4270.14536525,
         4270.14536525,   4206.901251  ,   4459.68145183,   3447.19784879,
         3890.51210203,   4460.13514983,   8951.59962046,   4270.14536525,
         3510.87883881,   9268.86803401,   9521.33006032,   8699.14769429,
         8826.09011635,  10280.59658676,   3638.03384868,  10407.39409668,
         6611.06146447,   7945.26369573,   9585.01105034,   3700.41492539,
         3637.90092663,   8762.06353388,   9142.26126722,   9015.64374929,
         6800.78069788,   6863.89721778,   2751.61231237,   6928.03680434,
         1739.51003262,   1739.51003262,   6547.94494457,   9965.26363929,
         9205.37778712,   9964.64431356,   9141.6967971 ,   9395.38935642,
         9395.07475329,   9332.63978649,   6801.19880236,  10217.65172268,
        10407.39409668,   9774.54713692,   1992.34578593,   9648.50819253,
         1612.71252271,   9332.17529703,   1613.01516159,   1928.66479591,
         9332.60366017,   9775.03755991,   9710.8661469 ,   9521.38555691




\\--------------------------------Distance-----------------------------------\\


         99.12011975,    8.00813657,  109.23574833,   48.50235132,
         53.56412816,   51.03981446,   88.15440576,    8.01122775,
         13.91057014,   13.91951949,   51.87838747,   52.72445796,
         51.02441483,   51.03196514,   87.29891262,   15.59197693,
         10.53772635,   13.06991342,   51.87349469,   33.31946275,
         10.53020008,  111.77086934,   29.10104664,    8.01315777,
         13.92023615,   88.14748619,    7.15905671,    8.01079443,
         10.53772635,   13.06991342,   16.44105679,  120.20374147,
          9.68864648,    8.84857592,   94.89485726,    8.01232561,
         93.21198476,   98.27103988,   59.46587891,    8.85213213,
        107.55303997,   14.75042333,   99.12522173,    9.68864648,
         98.27579492,   62.00361998,   99.12011975,   12.22536113,
         92.36770944,   88.99656606,   94.89485726,  105.86550408,
         92.36770944,  110.08326077,   31.62638732,  103.33281672,
         92.36770944,   91.51862957,   84.77440405,  100.80863964,
         95.73885281,   97.42948628,   72.12618704,   90.67707597,
         82.24687194,   95.74362706,  100.80062966,  104.17421661,
         61.15564838,   94.06628713,   94.06024607,   78.87301237,
         86.45685273,  111.77210135,   94.89985224,   76.33329904,
        105.86705951,   70.43531609,   72.12060207,  102.49623578,
         82.24415575,   77.18950501,   94.04970783,   78.02393251,
         91.52144658,   33.31702079,   94.89485726,   87.31076883,
         78.87407234,   73.81123553,   91.5212577 ,   92.36770944,
         83.93478922,   99.10755423,   88.9996539 ,   73.81433627,
         77.18237891,   73.81123553,   73.81657427,   88.14748619,
         27.41369035,   67.91122874,   67.9055616 ,   96.58456349,
         33.31702079,   30.77730746,  137.0751082 ,   62.83860198,
         88.15295592,   94.90283968,   62.84612825,   97.43380022,
        147.19817484,  111.76573694,   63.69295899,  144.66544584,
        138.76525462,  158.1708084 ,   62.00065271,   93.2153183 ,
         31.62638732,  148.89311994,  106.70869843,  142.99239018,
        107.55303997,  109.24736828,  105.86544065,   61.14796851,
         60.3101971 ,  109.23110792,  137.91617476,   57.78289924,
         71.27267658,  123.58206267,  145.51262569,   56.08619167,
        145.51262569,  121.89569865,  136.23840606,  119.37528025,
        120.2080155 ,   51.87770393,   53.56412816,   51.02441483,
         56.93527154,   54.40064251,   46.81621062,   56.93527154,
         56.93527154,   56.09201668,   59.46241936,   45.96263798,
         51.87349469,   59.46846866,  119.35466161,   56.93527154,
         46.81171785,  123.58490712,  126.95106747,  115.98863592,
        117.68120155,  137.07462116,   48.50711798,  138.76525462,
         88.14748619,  105.93684928,  127.80014734,   49.33886567,
         48.50534569,  116.82751379,  121.8968169 ,  120.20858332,
         90.67707597,   91.51862957,   36.68816416,   92.37382406,
         23.1934671 ,   23.1934671 ,   87.30593259,  132.87018186,
        122.73837049,  132.86192418,  121.88929063,  125.27185809,
        125.26766338,  124.43519715,   90.6826507 ,  136.2353563 ,
        138.76525462,  130.32729516,   26.56461048,  128.6467759 ,
         21.50283364,  124.42900396,   21.50686882,   25.71553061,
        124.43471547,  130.33383413,  129.47821529,  126.95180743




\\--------------------------------Maximum Distance-----------------------------------\\


                                 158.17080839548518





Compiled: 12/05/2018




















